[1,["ec5doNxQ1JMIKMWYQn9RBT@73b7f","dbOMlQsJtLAZgrHdtaaoYy@47e7a","a3zQCfCrBCDZJ4uf2rk5u8","dbOMlQsJtLAZgrHdtaaoYy@56237","fc1wpyalpHH7iJSuLXh24O","d0MqyYBeFAkIi762QNy1/B@b47c0","6fAc9/gb9Kfr1dCvwZaWSA@b47c0","dbOMlQsJtLAZgrHdtaaoYy@ab932","f6SJZOjTJB/JrJeh5xTdF7","dbOMlQsJtLAZgrHdtaaoYy@1ffb5","dbOMlQsJtLAZgrHdtaaoYy@30732","dbOMlQsJtLAZgrHdtaaoYy@471af","dbOMlQsJtLAZgrHdtaaoYy@f1394","b0TtmesfFCGLJ4Ebjh3S1c","c2zISw0AlIi4D0QcohYjnh","54bJCBbpJPu58TpPnEm1XW@eae54","baIUdvKGZPgZxNbjWTFuRI"],["node","_parent","targetInfo","root","_mesh","_effectAsset","value","data","_skeleton","_material","_cameraComponent","_offsetObject","loadingLabel","scene","_alignment","_display","_planeSize","_planeDirection","asset","_trackingVisualizer","_envmapHDR","_envmapLDR","mainTexture"],[["cc.Node",["_name","_id","_layer","_objFlags","__editorExtras__","_parent","_prefab","_children","_components","_lpos","_lrot","_euler"],-2,1,4,2,9,5,5,5],"cc.ImageAsset",["cc.Material",["_name","_states","_defines","_techIdx","_props"],-1,12],["cc.Node",["_name","_layer","_parent","_components","_children","_prefab","_lpos"],1,1,12,12,4,5],["cc.Node",["_name","_id","_parent","_components","_children","_lpos"],1,1,2,2,5],["cc.Node",["_name","_children","_prefab","_lpos","_lrot","_euler","_parent"],2,9,4,5,5,5,1],["cc.Camera",["_visibility","_near","_projection","_priority","_orthoHeight","_far","_clearFlags","node","_color"],-4,1,5],"cc.TextureCube",["cc.Mesh",["_native","_hash","_struct"],1,11],["cc.SceneAsset",["_name"],2],["cc.UITransform",["node","_contentSize"],3,1,5],["cc.Canvas",["node","_cameraComponent"],3,1,1],["cc.Widget",["_alignFlags","node"],2,1],["cc.Scene",["_name","_children","_prefab","_globals"],2,2,4,4],["cc.PrefabInfo",["root","asset","fileId","instance","targetOverrides","nestedPrefabInstanceRoots"],-2,2],["cc.PrefabInfo",["fileId","targetOverrides","nestedPrefabInstanceRoots","root","instance","asset"],0,1,4,6],["cc.PrefabInfo",["fileId","instance","targetOverrides","nestedPrefabInstanceRoots","root","asset"],-1,1,1],["cc.SceneGlobals",["ambient","shadows","_skybox","fog","octree","skin","lightProbeInfo","postSettings"],3,4,4,4,4,4,4,4,4],["cc.AmbientInfo",["_skyIllumLDR","_skyColorHDR","_skyColorLDR","_groundAlbedoLDR"],2,5,5,5],["cc.ShadowsInfo",["_shadowColor"],3,5],["cc.SkyboxInfo",["_enabled","_envmapHDR","_envmapLDR"],2,6,6],["cc.FogInfo",[],3],["cc.OctreeInfo",[],3],["cc.SkinInfo",[],3],["cc.LightProbeInfo",[],3],["cc.PostSettingsInfo",[],3],["2bae89OKg1Ht5AEap6sVgok",["node","_offsetObject"],3,1,1],["ca141x9P8hLmqHc3HtVYnDx",["node","_configuration"],3,1,4],["cc.ARConfiguration",["_cameraFeature","_lightingFeature","_anchorFeature","_planeFeature","_meshingFeature","_imageFeature","_faceFeature"],3,4,4,4,4,4,4,4],["cc.ARFeatureCamera",["canUse"],2],["cc.ARFeatureLighting",["_enable"],2],["cc.ARFeatureAnchor",["_enable"],2],["cc.ARFeaturePlane",["canUse","_trackingList","_trackingVisualizer"],2,2,6],["cc.ARFeatureWorldMesh",["_enable"],2],["cc.ARFeatureImage",["_enable"],2],["cc.ARFeatureFace",["_enable"],2],["3247cdNys9H94Rl+xbkhen4",["node"],3,1],["42802Gifv1E5aGtEbsdZBRs",["_trackingSource","node"],2,1],["bc192P3DZZKuIIp7tZNRhMf",["node"],3,1],["cc.TargetInfo",["localID"],2],["0029dOtjgVNKLAEOryxBmtF",["node","loadingLabel"],3,1,1],["cc.PrefabInstance",["fileId","prefabRootNode","propertyOverrides"],1,9],["CCPropertyOverrideInfo",["value","propertyPath","targetInfo"],1,1],["CCPropertyOverrideInfo",["propertyPath","targetInfo","value"],2,1,8],["CCPropertyOverrideInfo",["propertyPath","targetInfo","value"],2,1,6],["cc.DirectionalLight",["node","_color","_staticSettings"],3,1,5,4],["cc.StaticLightSettings",[],3],["1a3c2iECT1I0ZSWBKxOF6Z4",["_trackingType","initialized","menuActions","menuFactors","node","factors","actions"],-1,1,2,2],["cc.ARPlaneDirection",["_uuid"],2],["cc.ARPlaneSize",["_uuid"],2],["cc.ARDisplayChildren",[],3],["cc.ARAlignment",[],3],["cc.Label",["_string","_actualFontSize","_fontSize","node"],0,1],["cc.Skeleton",["_name","_hash","_joints","_bindposes"],0,12],["cc.Prefab",["_name"],2],["cc.SkeletalAnimation",["node","__prefab"],3,1,4],["cc.CompPrefabInfo",["fileId"],2],["cc.SkinnedMeshRenderer",["node","__prefab","_materials","bakeSettings","_skinningRoot","_mesh","_skeleton"],3,1,4,3,4,1,6,6],["cc.ModelBakeSettings",[],3],["cc.EffectAsset",["_name","shaders","techniques"],0],["cc.Line",["node","__prefab","_positions","_width","_color","_material"],3,1,4,12,4,4,6],["cc.CurveRange",["constant"],2],["cc.GradientRange",["color"],3,5],["cc.MeshRenderer",["node","__prefab","_materials","bakeSettings","_mesh"],3,1,4,3,4,6],["cc.MeshCollider",["node","__prefab","_material"],3,1,4,6]],[[16,0,1,2,3,4,5,5],[0,0,5,7,6,9,10,11,2],[0,0,5,6,9,10,11,2],[56,0,2],[8,0,1,2,3],[43,0,1,2,2],[58,1],[0,0,5,7,6,9,2],[5,0,1,2,3,4,5,2],[5,0,6,1,2,3,4,5,2],[10,0,1,1],[39,0,2],[42,0,1,2,3],[44,0,1,2,2],[53,0,1,2,3,4],[54,0,2],[57,0,1,2,3,4,5,6,1],[2,0,3,1,2,4,5],[2,0,1,2,4,4],[9,0,2],[0,0,2,1,7,8,9,4],[0,0,1,5,7,8,3],[0,0,8,2],[0,0,5,7,9,2],[0,3,4,5,6,3],[0,0,1,5,8,10,11,3],[0,0,7,8,6,2],[0,0,7,6,9,10,11,2],[0,0,5,8,6,10,11,2],[0,0,5,7,6,10,11,2],[0,0,5,8,6,9,10,11,2],[0,0,8,6,2],[3,0,1,2,3,3],[3,0,4,5,6,2],[4,0,1,2,4,3,3],[4,0,2,3,5,2],[11,0,1,1],[12,0,1,2],[13,0,1,2,3,2],[14,0,1,2,3,4,5,6],[15,0,1,2,3,4,5,4],[17,0,1,2,3,4,5,6,7,1],[18,0,1,2,3,2],[19,0,1],[20,0,1,2,2],[21,1],[22,1],[23,1],[24,1],[25,1],[26,0,1,1],[27,0,1,1],[28,0,1,2,3,4,5,6,1],[29,0,2],[30,0,2],[31,0,2],[32,0,1,2,2],[33,0,2],[34,0,2],[35,0,2],[36,0,1],[6,1,0,7,8,3],[6,2,3,4,5,6,0,7,8,7],[37,0,1,2],[38,0,1],[40,0,1,1],[41,0,1,2,3],[45,0,1,2,1],[46,1],[47,0,1,2,3,4,5,6,5],[48,0,2],[49,0,2],[50,1],[51,1],[52,0,1,2,3,4],[55,0,1,1],[59,0,1,2,4],[60,0,1,2,3,4,5,1],[61,0,2],[62,0,1],[63,0,1,2,3,4,1],[64,0,1,2,1]],[[[[4,".bin",2890943059,[{"primitives":[{"primitiveMode":7,"vertexBundelIndices":[0],"indexView":{"offset":192,"length":12,"count":6,"stride":2}}],"vertexBundles":[{"view":{"offset":0,"length":192,"count":4,"stride":48},"attributes":[{"name":"a_position","format":32,"isNormalized":false},{"name":"a_normal","format":32,"isNormalized":false},{"name":"a_texCoord","format":21,"isNormalized":false},{"name":"a_tangent","format":44,"isNormalized":false}]}]},"minPosition",8,[1,-0.5,0,-0.5],"maxPosition",8,[1,0.5,0,0.5]]],-1],0,0,[],[],[]],[[[17,"ar_plane","1",[{"rasterizerState":{},"depthStencilState":{},"blendState":{"targets":[{}]}}],[{}],[[[{},"mainColor",8,[4,1728019028]]],11]]],0,0,[0],[5],[2]],[[[19,"scene"],[20,"Canvas",33554432,"75yA5zLI5LSJWCDNsKg9bF",[-5,-6],[[10,-1,[5,1280,720]],[36,-3,-2],[37,45,-4]],[1,640,360,0]],[38,"scene",[-8,-9,-10,1],[39,null,null,"ca86bc2c-c89f-4407-ada4-b6d0c9c75155",null,null,[-7]],[41,[42,0.8,[2,0.2,0.5,0.8,0.520833125],[2,0.452588,0.607642,0.755699,0],[2,0.618555,0.577848,0.544564,0]],[43,[4,4283190348]],[44,true,4,5],[45],[46],[47],[48],[49]]],[21,"XR Agent","28BaVT04ZBOq8ibBGUr5qZ",2,[-16],[[50,-12,-11],[51,-14,[52,[53,true],[54,false],[55,false],[56,true,[-13],3],[57,false],[58,false],[59,false]]],[60,-15]]],[22,"AR Camera",[[61,0.01,1822425087,-17,[4,4278190080]],[63,5,-18],[64,-19]]],[11,["dbn8FFlGJQAakFaIXT12TU"]],[32,"Label",33554432,1,[[[10,-20,[5,592,50.4]],-21,[65,-23,-22]],4,1,4]],[23,"TrackingSpace",3,[4],[1,0,1.36144,0]],[34,"Plane Tracking","389Mey3ppNqLeMcoHdIW1V",2,[-25],[-24]],[24,0,{},8,[40,"dbn8FFlGJQAakFaIXT12TU",null,null,-29,[66,"2dyzgRjrRPhowcVUXiZcpJ",null,[[12,"Swordman_No_Animation",["_name"],5],[5,["_lpos"],5,[1,0,0,0]],[5,["_lrot"],5,[3,0,0,0,1]],[5,["_euler"],5,[1,0,0,0]],[12,1,["_clips","length"],-26],[13,["_clips","0"],-27,1],[13,["_defaultClip"],-28,2]]],0]],[11,["fbs/43AllSdaSyzDKHkhcS"]],[25,"Main Light","c0y6F5f+pAvI805TdmxIjx",2,[[67,-30,[4,4293982975],[68]]],[3,-0.06397656665577071,-0.44608233363525845,-0.8239028751062036,-0.3436591377065261],[1,-117.894,-194.909,38.562]],[69,8,true,[2,3,1,4,5,6],[1,2,3],8,[-33,-34],[-31,-32]],[70,"389Mey3ppNqLeMcoHdIW1V"],[71,"389Mey3ppNqLeMcoHdIW1V"],[72],[73],[35,"Camera",1,[-35],[1,0,0,1000]],[62,0,1073741824,574.8862115127175,2000,6,41943040,17,[4,4278190080]],[74,"大丰收非法所得发多少阿萨法的说法",37,37,6]],0,[0,0,1,0,10,18,0,0,1,0,0,1,0,-1,17,0,-2,6,0,-1,9,0,-1,11,0,-2,3,0,-3,8,0,11,7,0,0,3,0,-1,12,0,0,3,0,0,3,0,-1,7,0,0,4,0,0,4,0,0,4,0,0,6,0,-2,19,0,12,19,0,0,6,0,-1,12,0,-1,9,0,2,10,0,2,10,0,2,10,0,3,9,0,0,11,0,-1,15,0,-2,16,0,-1,13,0,-2,14,0,-1,18,0,13,2,1,1,2,4,1,7,12,14,16,12,15,15,12,16,14,12,17,13,35],[0,0,0,0,0,0],[18,6,6,19,20,21],[3,0,0,4,5,6]],[[{"base":"2,2,0,0,2,0","rgbe":true,"mipmaps":[{"front":"d0MqyYBeFAkIi762QNy1/B@b47c0@e9a6d","back":"d0MqyYBeFAkIi762QNy1/B@b47c0@40c10","left":"d0MqyYBeFAkIi762QNy1/B@b47c0@8fd34","right":"d0MqyYBeFAkIi762QNy1/B@b47c0@74afd","top":"d0MqyYBeFAkIi762QNy1/B@b47c0@bb97f","bottom":"d0MqyYBeFAkIi762QNy1/B@b47c0@7d38f"}]}],[7],0,[],[],[]],[[{"fmt":"0","w":0,"h":0},-1],[1],0,[],[],[]],[[{"fmt":"0","w":0,"h":0},-1],[1],0,[],[],[]],[[{"fmt":"0","w":0,"h":0},-1],[1],0,[],[],[]],[[{"fmt":"0","w":0,"h":0},-1],[1],0,[],[],[]],[[{"fmt":"0","w":0,"h":0},-1],[1],0,[],[],[]],[[{"fmt":"0","w":0,"h":0},-1],[1],0,[],[],[]],[[[4,".bin",2491727454,[{"primitives":[{"primitiveMode":7,"vertexBundelIndices":[0],"indexView":{"offset":15840,"length":672,"count":336,"stride":2}}],"vertexBundles":[{"view":{"offset":0,"length":15840,"count":220,"stride":72},"attributes":[{"name":"a_position","format":32,"isNormalized":false},{"name":"a_normal","format":32,"isNormalized":false},{"name":"a_texCoord","format":21,"isNormalized":false},{"name":"a_tangent","format":44,"isNormalized":false},{"name":"a_joints","format":42,"isNormalized":false},{"name":"a_weights","format":44,"isNormalized":false}]}]},"minPosition",8,[1,-0.035647813230752945,-0.00706188939511776,-0.03132956475019455],"maxPosition",8,[1,0.03564782068133354,0.007061888463795185,0.17065006494522095]]],-1],0,0,[],[],[]],[[[14,"Skin-0",3305212472,["Bip001/Bip001 Pelvis/Bip001 Spine/Bip001 Spine1/Bip001 Spine2/Bip001 Neck/Bip001 R Clavicle/Bip001 R UpperArm/Bip001 R Forearm/Bip001 R Hand/Swordman_Bone_Sword"],[[[7,6.123234262925839e-17,-1,1.3787686725663661e-7,0,6.123234262925839e-17,-1.3787686725663661e-7,-1,0,1,6.123234924670329e-17,6.123232939436859e-17,0,-0.010804347693920135,-1.0828594267407594e-16,-8.564022824231188e-10,1]],8]]],0,0,[],[],[]],[[[4,".bin",1265567209,[{"primitives":[{"primitiveMode":7,"jointMapIndex":0,"vertexBundelIndices":[0],"indexView":{"offset":54864,"length":7776,"count":3888,"stride":2}}],"vertexBundles":[{"view":{"offset":0,"length":54864,"count":762,"stride":72},"attributes":[{"name":"a_position","format":32,"isNormalized":false},{"name":"a_normal","format":32,"isNormalized":false},{"name":"a_texCoord","format":21,"isNormalized":false},{"name":"a_tangent","format":44,"isNormalized":false},{"name":"a_joints","format":42,"isNormalized":false},{"name":"a_weights","format":44,"isNormalized":false}]}],"jointMaps":[[0,1,2,3,4,5,6,8,9,10,11,12,13,14,15,16,17,18,19,20,21,22,23,24,25,26]]},"minPosition",8,[1,-0.08642744272947311,-0.07548142224550247,-0.0033835030626505613],"maxPosition",8,[1,0.08757255226373672,0.04715000092983246,0.24475648999214172]]],-1],0,0,[],[],[]],[[[18,"Swwordman",[{"rasterizerState":{},"blendState":{"targets":[{}]},"depthStencilState":{}}],[{"USE_ALBEDO_MAP":true,"DCC_APP_NAME":1}],[[[{"albedoScale":1,"specularFactor":0,"shininessExponent":1.9999999173704188,"emissiveScale":0},"mainColor",8,[4,4291480266],"specularColor",8,[4,4294177779],"emissive",8,[4,4278190080],"mainTexture",6,0]],11]]],0,0,[0,0],[22,5],[7,8]],[[[15,"Swordman_No_Animation"],[26,"Swordman_No_Animation",[-3,-4,-5],[[75,-2,[3,"fbs/43AllSdaSyzDKHkhcS"]]],[0,"dbn8FFlGJQAakFaIXT12TU",null,null,null,-1,0]],[27,"Bip001 Spine",[-6,-7,-8],[0,"6fmSYoFcZcwZWj/nYfVI+d",null,null,null,1,0],[1,0.009253015741705894,-0.000015265972251654603,1.2853242914445673e-8],[3,-0.0000020804759106073234,-6.936759723456755e-7,0.0003981589901667566,0.9999999207323014],[1,-0.00023837338537102524,-0.00007939450691674307,0.045625660794268615]],[33,"Bip001 Neck",[[-9,-10,[2,"Bip001 Head",-11,[0,"c1MHJaTxlfCqjY9z1iL+in",null,null,null,1,0],[1,0.00929403305053711,-0.00023262288596015424,-6.452086642738664e-10],[3,1.7694979325626993e-13,-2.537766231691636e-7,0.09149649879683311,0.9958053980110054],[1,0.0000027061076146497735,-0.000029451796831024096,10.499410835056455]]],1,1,4],[0,"29cSfSIClQxpZl/EOA2Jgk",null,null,null,1,0],[1,0.024659395217895508,-0.000011259522580076009,-3.122940100963589e-11]],[8,"Bip001 R Hand",[[2,"Bip001 R Finger0",-12,[0,"fe+OqUsepfVL0ilZuzFl1K",null,null,null,1,0],[1,0.003136973362416029,0.0027820777613669634,0.007600264623761177],[3,0.5006493823253128,0.7395403233317246,0.30055379250445735,-0.33480998186266603],[1,-67.81199420992007,-109.02359291199838,32.63218896022081]],[2,"Bip001 R Finger1",-13,[0,"76FDLUnJZelL+A63EJu/wR",null,null,null,1,0],[1,0.01382006611675024,0,-4.440891999238953e-18],[3,0.00039816644074698327,-3.719356305303898e-9,1.4902640606055054e-8,0.9999999207317394],[1,0.04562651440268033,-4.268867593421786e-7,0.0000017075469840271852]],[2,"Swordman_Bone_Sword",-14,[0,"c4Lbgzi+9bjqckBYnnW3ll",null,null,null,1,0],[1,0.008840136229991913,0.004109296947717667,0.02119840681552887],[3,-0.5284834573846643,0.5810803251630413,-0.4277159330050003,-0.44733653062635953],[1,85.54719014593735,-92.42667976532898,-13.386385933029919]]],[0,"77dCu10ihaZKD47BVNgvEZ",null,null,null,1,0],[1,0.024682652205228806,0,-9.53674295089968e-9],[3,0.6446837292787133,0.053803996136091235,0.06342069163861956,0.7599117284758521],[1,80.62032144952646,-3.443389863306464e-8,9.541467227305082]],[8,"Bip001 L Hand",[[2,"Bip001 L Finger0",-15,[0,"9f96Yp+xtT+5r8GneM6s1U",null,null,null,1,0],[1,0.003136968705803156,0.0027820777613669634,-0.007600264623761177],[3,0.5006493823253128,0.7395403233317246,-0.30055379250445735,0.33480998186266603],[1,67.81199420992007,109.02359291199838,32.63218896022081]],[2,"Bip001 L Finger1",-16,[0,"f3wZttlx5U6IeYm1NVyThE",null,null,null,1,0],[1,0.013820061460137367,1.776356799695581e-17,2.38418573772492e-9],[3,-0.00039815901927153926,-5.933030859587782e-12,1.4901158236345755e-8,0.9999999207346943],[1,-0.045625663964165154,1.834486735144144e-17,0.0000017075470889476682]]],[0,"51/i4Rq19X6LE+inKUYyeI",null,null,null,1,0],[1,0.024682652205228806,1.19209286886246e-9,9.53674295089968e-9],[3,-0.6446837649783346,-0.05380398669044613,0.06342067438580472,0.7599117002981489],[1,-80.62032667442304,1.5309195036420525e-8,9.541465011814465]],[28,"Swordman_Sword",1,[[16,-17,[3,"3ek781ExVYpYmJ6+B0petf"],[0],[6],1,1,2]],[0,"b9ClQdt0Be54erEg3rpUbg",null,null,null,1,0],[3,-0.7071067811865476,-4.3156572388253966e-9,-4.3156572388253966e-9,0.7071067811865476],[1,-90.00000000000003,-6.993821928700854e-7,0]],[1,"Bip001",1,[-18],[0,"f6O4uCNrZbk7Hk0+oA0Q9s",null,null,null,1,0],[1,0,0.05893499404191971,0],[3,-0.5000003576277408,-0.49999964237200345,-0.49999964237200345,0.5000003576277408],[1,-90,-89.99991803772996,0]],[29,"Bip001 Pelvis",7,[2],[0,"d0UagV8/FUqLP1kViIdLZR",null,null,null,1,0],[3,-0.49999964237200345,-0.5000003576277408,-0.49999964237200345,0.5000003576277408],[1,-89.99991803772996,-90,0]],[7,"Bip001 Spine1",2,[-19],[0,"2fgfegA+hZNZOYleduRBxB",null,null,null,1,0],[1,0.019175495952367783,-0.000015268959032255225,-4.234998116081634e-11]],[7,"Bip001 Spine2",9,[3],[0,"3eUusolCBYSL2nmCxJF8hM",null,null,null,1,0],[1,0.019175492227077484,-0.000015268949937308207,-4.234996381358158e-11]],[1,"Bip001 L Clavicle",3,[-20],[0,"b2GcDlGhVbppK1MYlRfFMi",null,null,null,1,0],[1,-0.002506790217012167,0.000008866777534421999,0.007073357701301575],[3,0.6046570454894294,-0.09658774598435234,0.7871649155179682,-0.07370251314064026],[1,176.28979850476586,-105.37910660610085,-13.464154800221491]],[1,"Bip001 L UpperArm",11,[-21],[0,"ff9KtOkPhUhJsMwYKTsGSS",null,null,null,1,0],[1,0.020033927634358406,2.98023217215615e-10,1.776356799695581e-17],[3,0.11242162286341889,0.13809653932490185,0.05245246668254371,0.982618676434637],[1,12.024547245189757,15.186758272488763,7.708408741951069]],[1,"Bip001 L Forearm",12,[5],[0,"68fY5qE+JUTJ4huOhLwh81",null,null,null,1,0],[1,0.02429690770804882,-4.440891999238953e-18,9.53674295089968e-9],[3,4.20416569277589e-18,1.7722769641128052e-17,-0.2308129797236035,0.9729981338065925],[1,1.0493100638278208e-15,2.3361547231665487e-15,-26.68987995159554]],[1,"Bip001 R Clavicle",3,[-22],[0,"87L9Xpul5Q+Juug5j9QJgo",null,null,null,1,0],[1,-0.002506790217012167,0.000008906014045351185,-0.007073356304317713],[3,-0.6046572467542498,0.0965855590999037,0.7871651831639416,-0.07370086929886037],[1,-176.28988781693155,105.37908647685512,-13.463851137750554]],[1,"Bip001 R UpperArm",14,[-23],[0,"c1bMXzvElbjLQ/K51ObroW",null,null,null,1,0],[1,0.020033929497003555,-5.9604643443123e-10,0],[3,-0.11242162327049798,-0.13809652492378882,0.05245243707015218,0.9826186799927026],[1,-12.024547810974497,-15.186756902661777,7.708405218062715]],[1,"Bip001 R Forearm",15,[4],[0,"967kRZ9lRRhIpoxUqZ2VQq",null,null,null,1,0],[1,0.02429690584540367,0,0],[3,-1.161150398734235e-17,-4.8948604566051694e-17,-0.2308129515089888,0.9729981404996154],[1,-2.8980941331099746e-15,-6.452236966012562e-15,-26.689876628714885]],[1,"Bip001 L Thigh",2,[-24],[0,"bff3auE9lRJbJerlZBzImp",null,null,null,1,0],[1,-0.0092530008405447,0.00002259297798445914,0.015830710530281067],[3,0.03858492831757669,0.9897473289787044,0.025242840451188277,-0.13518219961297984],[1,-3.471192909555761,-164.32414184098587,3.988364780264357]],[1,"Bip001 L Calf",17,[-25],[0,"dbhDkHoh5ee75+CkE9CKHb",null,null,null,1,0],[1,0.026156112551689148,0,0],[3,-2.6810029160565243e-17,7.3894171060651e-18,-0.20505997840246315,0.9787494088159548],[1,-3.093434680558549e-15,2.1703734968363843e-16,-23.666020297799072]],[9,"Bip001 L Foot",18,[[2,"Bip001 L Toe0",-26,[0,"945n8+4YxR1IfDahbeW916",null,null,null,1,0],[1,0.01366350520402193,0.02147364430129528,-2.38418573772492e-9],[3,-1.5454308319985075e-8,-1.5454308319985075e-8,0.7071067811865474,0.7071067811865474],[1,0,-0.0000025044778683729144,90]]],[0,"e8gxE2OctZ8qLdiKpq+lDe",null,null,null,1,0],[1,0.02078629471361637,0,2.38418573772492e-9],[3,-0.12173840223998172,-0.15451745461008978,0.1403912434136446,0.97035788058512],[1,-11.705040391766,-16.228416857022463,18.064106864821692]],[1,"Bip001 R Thigh",2,[-27],[0,"45vjDZF2hdRYHDsumoec8t",null,null,null,1,0],[1,-0.0092530008405447,0.00002268079151690472,-0.015830710530281067],[3,0.03858530820873247,0.9897473863145697,-0.025240092991781506,0.13518218440194343],[1,3.4708863444943114,164.32415253057928,3.9884509325951614]],[1,"Bip001 R Calf",20,[-28],[0,"dcYVmOo8xWkKF9syxEbj1z",null,null,null,1,0],[1,0.026156118139624596,0,2.38418573772492e-9],[3,-9.710906206139214e-19,7.996091112001541e-17,-0.2050599498533157,0.9787494147973503],[1,1.9325439146624252e-15,9.766680500753478e-15,-23.6660169552772]],[9,"Bip001 R Foot",21,[[2,"Bip001 R Toe0",-29,[0,"2aWgY4ISxaob5bLNlPLgqK",null,null,null,1,0],[1,0.01366350520402193,0.02147364616394043,4.76837147544984e-9],[3,1.5454310096341944e-8,1.5454310096341944e-8,0.7071067811865474,0.7071067811865474],[1,0,0.0000025044781562438674,90]]],[0,"25bZX8UchcRIwq4SH2M4ah",null,null,null,1,0],[1,0.020786292850971222,-5.9604643443123e-10,0],[3,0.12173837145220451,0.1545175427662575,0.14039122737603607,0.9703578727302073],[1,11.705035291187173,16.228428108630876,18.064105576299227]],[30,"Swordman_Body001",1,[[16,-30,[3,"a0YbYvMe1QsbaRL9G3ubEi"],[3],[6],1,4,5]],[0,"c9qs9mnABaApg9c1k3nfu4",null,null,null,1,0],[1,0,0,0.009865468367934227],[3,-0.7071067811865476,0,0,0.7071067811865476],[1,-90.00000000000003,0,0]]],0,[0,3,1,0,0,1,0,-1,6,0,-2,7,0,-3,23,0,-1,9,0,-2,17,0,-3,20,0,-1,11,0,-2,14,0,1,3,0,1,4,0,1,4,0,1,4,0,1,5,0,1,5,0,0,6,0,-1,8,0,-1,10,0,-1,12,0,-1,13,0,-1,15,0,-1,16,0,-1,18,0,-1,19,0,1,19,0,-1,21,0,-1,22,0,1,22,0,0,23,0,7,1,2,1,8,3,1,10,4,1,16,5,1,13,30],[0,0,0,0,0,0],[-1,4,8,-1,4,8],[1,9,10,1,11,12]],[[[14,"Skin-1",803367533,["Bip001/Bip001 Pelvis/Bip001 Spine/Bip001 Spine1/Bip001 Spine2/Bip001 Neck/Bip001 Head","Bip001/Bip001 Pelvis/Bip001 Spine/Bip001 Spine1/Bip001 Spine2","Bip001/Bip001 Pelvis/Bip001 Spine/Bip001 Spine1","Bip001/Bip001 Pelvis/Bip001 Spine/Bip001 Spine1/Bip001 Spine2/Bip001 Neck/Bip001 L Clavicle","Bip001/Bip001 Pelvis/Bip001 Spine/Bip001 Spine1/Bip001 Spine2/Bip001 Neck/Bip001 L Clavicle/Bip001 L UpperArm","Bip001/Bip001 Pelvis/Bip001 Spine/Bip001 Spine1/Bip001 Spine2/Bip001 Neck/Bip001 R Clavicle","Bip001/Bip001 Pelvis/Bip001 Spine","Bip001/Bip001 Pelvis/Bip001 Spine/Bip001 Spine1/Bip001 Spine2/Bip001 Neck","Bip001/Bip001 Pelvis","Bip001/Bip001 Pelvis/Bip001 Spine/Bip001 Spine1/Bip001 Spine2/Bip001 Neck/Bip001 L Clavicle/Bip001 L UpperArm/Bip001 L Forearm","Bip001/Bip001 Pelvis/Bip001 Spine/Bip001 Spine1/Bip001 Spine2/Bip001 Neck/Bip001 L Clavicle/Bip001 L UpperArm/Bip001 L Forearm/Bip001 L Hand","Bip001/Bip001 Pelvis/Bip001 Spine/Bip001 Spine1/Bip001 Spine2/Bip001 Neck/Bip001 L Clavicle/Bip001 L UpperArm/Bip001 L Forearm/Bip001 L Hand/Bip001 L Finger1","Bip001/Bip001 Pelvis/Bip001 Spine/Bip001 Spine1/Bip001 Spine2/Bip001 Neck/Bip001 L Clavicle/Bip001 L UpperArm/Bip001 L Forearm/Bip001 L Hand/Bip001 L Finger0","Bip001/Bip001 Pelvis/Bip001 Spine/Bip001 L Thigh","Bip001","Bip001/Bip001 Pelvis/Bip001 Spine/Bip001 L Thigh/Bip001 L Calf","Bip001/Bip001 Pelvis/Bip001 Spine/Bip001 R Thigh","Bip001/Bip001 Pelvis/Bip001 Spine/Bip001 L Thigh/Bip001 L Calf/Bip001 L Foot","Bip001/Bip001 Pelvis/Bip001 Spine/Bip001 L Thigh/Bip001 L Calf/Bip001 L Foot/Bip001 L Toe0","Bip001/Bip001 Pelvis/Bip001 Spine/Bip001 Spine1/Bip001 Spine2/Bip001 Neck/Bip001 R Clavicle/Bip001 R UpperArm","Bip001/Bip001 Pelvis/Bip001 Spine/Bip001 Spine1/Bip001 Spine2/Bip001 Neck/Bip001 R Clavicle/Bip001 R UpperArm/Bip001 R Forearm","Bip001/Bip001 Pelvis/Bip001 Spine/Bip001 Spine1/Bip001 Spine2/Bip001 Neck/Bip001 R Clavicle/Bip001 R UpperArm/Bip001 R Forearm/Bip001 R Hand","Bip001/Bip001 Pelvis/Bip001 Spine/Bip001 Spine1/Bip001 Spine2/Bip001 Neck/Bip001 R Clavicle/Bip001 R UpperArm/Bip001 R Forearm/Bip001 R Hand/Bip001 R Finger1","Bip001/Bip001 Pelvis/Bip001 Spine/Bip001 Spine1/Bip001 Spine2/Bip001 Neck/Bip001 R Clavicle/Bip001 R UpperArm/Bip001 R Forearm/Bip001 R Hand/Bip001 R Finger0","Bip001/Bip001 Pelvis/Bip001 Spine/Bip001 R Thigh/Bip001 R Calf","Bip001/Bip001 Pelvis/Bip001 Spine/Bip001 R Thigh/Bip001 R Calf/Bip001 R Foot","Bip001/Bip001 Pelvis/Bip001 Spine/Bip001 R Thigh/Bip001 R Calf/Bip001 R Foot/Bip001 R Toe0"],[[[7,2.5089113364629156e-7,-0.0000014258463352234685,1,0,-0.1830083280801773,-0.9831113815307617,-0.0000013558505997934844,0,0.9831113219261169,-0.1830083280801773,-5.075957005828968e-7,0,-0.13627193868160248,0.03563836216926575,8.53224619845605e-8,1],[7,6.123233601181349e-17,-0.0000014026924191057333,1,0,6.123233601181349e-17,-1,-0.0000014026924191057333,0,1,6.12324286560421e-17,-6.123225660247469e-17,0,-0.10653899610042572,0.009880732744932175,1.388056158901918e-8,1],[7,6.123233601181349e-17,-0.0000014026924191057333,1,0,6.123233601181349e-17,-1,-0.0000014026924191057333,0,1,6.12324286560421e-17,-6.123225660247469e-17,0,-0.08736351132392883,0.00988073367625475,1.38805624771976e-8,1],[7,0.9376924633979797,-0.2411891371011734,0.25012141466140747,0,0.23304101824760437,0.9704782366752625,0.06216169148683548,0,-0.257730096578598,1.8625771758262744e-10,0.9662169218063354,0,0.024236008524894714,-0.007868211716413498,-0.12672646343708038,1],[7,0.7994856238365173,-0.2424245923757553,0.5495935678482056,0,0.336904913187027,0.9384549856185913,-0.07613999396562576,0,-0.49731066823005676,0.24603359401226044,0.8319552540779114,0,0.035861361771821976,-0.03776293620467186,-0.11587530374526978,1],[7,-0.9376931190490723,0.2411864697933197,0.2501215934753418,0,0.23303847014904022,0.9704788327217102,-0.06216101348400116,0,-0.2577301263809204,1.8629005282821964e-10,-0.9662169218063354,0,0.024236036464571953,-0.007868217304348946,0.1267264485359192,1],[7,6.123233601181349e-17,-0.0000014026924191057333,1,0,6.123233601181349e-17,-1,-0.0000014026924191057333,0,1,6.12324286560421e-17,-6.123225660247469e-17,0,-0.06818801164627075,0.009880734607577324,1.388056336537602e-8,1],[7,6.123233601181349e-17,-0.0000014026924191057333,1,0,6.123233601181349e-17,-1,-0.0000014026924191057333,0,1,6.12324286560421e-17,-6.123225660247469e-17,0,-0.13119840621948242,0.009872355498373508,1.3857327729738245e-8,1],[7,6.123234262925839e-17,0.0000027577070795814507,1,0,6.123234262925839e-17,-1,0.0000027577070795814507,0,1,6.123217719313588e-17,-6.12325146828258e-17,0,-0.05893499404191971,0.009865468367934227,-2.7206072061858322e-8,1],[7,0.8231887817382812,0.1425034999847412,0.5495935678482056,0,-0.12050964683294296,0.9897879362106323,-0.07614000886678696,0,-0.554831326007843,-0.003553728573024273,0.8319552540779114,0,0.027293914929032326,-0.028545020148158073,-0.11587530374526978,1],[7,0.8354222774505615,-0.5415807366371155,0.0935952290892601,0,0.0452260784804821,0.23745764791965485,0.9703445434570312,0,-0.5477448105812073,-0.8064144253730774,0.22287096083164215,0,-0.0021565209608525038,0.10966771841049194,-0.0470857098698616,1],[7,0.8354222774505615,-0.5416550636291504,0.09316392987966537,0,0.0452260784804821,0.2366848587989807,0.9705333113670349,0,-0.5477448105812073,-0.8065916299819946,0.2222287356853485,0,-0.01597658358514309,0.10970517992973328,-0.046998366713523865,1],[7,-0.5958878993988037,0.6042937636375427,0.528910756111145,0,-0.6569120287895203,0.012054662220180035,-0.7538709044456482,0,-0.461935430765152,-0.7966702580451965,0.38978463411331177,0,0.09052707999944687,0.03332388773560524,-0.060877177864313126,1],[7,0.26954030990600586,0.039534710347652435,-0.9621772766113281,0,-0.06878940761089325,-0.9958140254020691,-0.06018718332052231,0,-0.9605290293693542,0.08241047710180283,-0.26569247245788574,0,0.05302039906382561,0.004341467283666134,0.03148430958390236,1],[7,6.123234262925839e-17,1,-6.123234262925839e-17,0,-1,6.123234262925839e-17,6.123234262925839e-17,0,6.123234262925839e-17,6.123234262925839e-17,1,0,0.009865468367934227,-4.212813488939706e-18,-0.05893499404191971,1],[7,0.2310028225183487,0.1444045752286911,-0.9621772766113281,0,0.3367200493812561,-0.9396792650222778,-0.06018715724349022,0,-0.9128292798995972,-0.31008094549179077,-0.26569250226020813,0,0.022862335667014122,0.01475980132818222,0.03148430958390236,1],[7,-0.26954028010368347,-0.039531927555799484,-0.9621773958206177,0,-0.06879014521837234,-0.9958141446113586,0.06018450856208801,0,-0.9605289697647095,0.08241047710180283,0.26569265127182007,0,0.05302039906382561,0.004341469146311283,-0.03148429095745087,1],[7,6.123234262925839e-17,0.34925222396850586,-0.9370288252830505,0,-6.123234262925839e-17,-0.9370288252830505,-0.34925222396850586,0,-1,7.876200049259646e-17,-3.5990936163370104e-17,0,0.014836949296295643,0.004448516294360161,0.031200943514704704,1],[7,0.34925222396850586,5.492164945053446e-8,-0.9370288252830505,0,-0.9370288252830505,-2.3240826152459704e-8,-0.34925222396850586,0,-4.095883099353159e-8,1,4.3346261691112886e-8,0,-0.01702512800693512,-0.0011734451400116086,0.031200943514704704,1],[7,-0.7994865775108337,0.24242199957370758,0.5495933294296265,0,0.3369027078151703,0.9384557008743286,0.07614151388406754,0,-0.4973106384277344,0.24603359401226044,-0.8319552540779114,0,0.03586138039827347,-0.03776294365525246,0.11587528884410858,1],[7,-0.8231884241104126,-0.1425061970949173,0.5495933890342712,0,-0.12051190435886383,0.9897875189781189,0.07614151388406754,0,-0.5548313856124878,-0.0035537283401936293,-0.8319552540779114,0,0.027293941006064415,-0.028545014560222626,0.11587528884410858,1],[7,-0.8354223966598511,0.541580080986023,0.09359785914421082,0,0.04522380605340004,0.23745910823345184,-0.9703442454338074,0,-0.5477448105812073,-0.8064144253730774,-0.22287096083164215,0,-0.002156495815142989,0.10966770350933075,0.047085702419281006,1],[7,-0.8354223966598511,0.5416544675827026,0.09316656738519669,0,0.04522380605340004,0.2366863340139389,-0.9705330729484558,0,-0.5477448105812073,-0.8065916299819946,-0.2222287356853485,0,-0.015976551920175552,0.10970516502857208,0.04699835926294327,1],[7,0.595889687538147,-0.6042937636375427,0.5289086699485779,0,-0.6569103598594666,0.012053004465997219,0.7538723349571228,0,-0.4619353711605072,-0.7966702580451965,-0.3897846043109894,0,0.09052705019712448,0.03332391008734703,0.06087716296315193,1],[7,-0.23100391030311584,-0.14440202713012695,-0.9621773958206177,0,0.33671942353248596,-0.9396796226501465,0.060184504836797714,0,-0.9128292798995972,-0.3100809156894684,0.26569265127182007,0,0.022862335667014122,0.014759802259504795,-0.03148429095745087,1],[7,6.123234262925839e-17,-0.3492496609687805,-0.9370297789573669,0,-6.123234262925839e-17,-0.9370297789573669,0.3492496609687805,0,-1,3.599115453905182e-17,-7.876190123092295e-17,0,0.014836951158940792,0.004448522347956896,-0.03120092675089836,1],[7,-0.3492496609687805,-5.492170629395332e-8,-0.9370297789573669,0,-0.9370297789573669,-2.3240973590077374e-8,0.3492496609687805,0,-4.095887007338206e-8,1,-4.334637537795061e-8,0,-0.017025122418999672,-0.001173447584733367,-0.03120093047618866,1]],8,8,8,8,8,8,8,8,8,8,8,8,8,8,8,8,8,8,8,8,8,8,8,8,8,8,8]]],0,0,[],[],[]],[[[76,"util/dcc/imported-specular-glossiness",[{"hash":2532657525,"name":"util/dcc/imported-specular-glossiness|standard-vs|standard-fs","blocks":[{"name":"Constants","stageFlags":17,"binding":0,"members":[{"name":"tilingOffset","type":16,"count":1},{"name":"diffuseColor","type":16,"count":1},{"name":"specularColor","type":16,"count":1},{"name":"emissive","type":16,"count":1},{"name":"emissiveScale","type":13,"count":1},{"name":"alphaThreshold","type":13,"count":1},{"name":"shininessExponent","type":13,"count":1},{"name":"glossiness","type":13,"count":1},{"name":"metallic","type":13,"count":1},{"name":"normalScale","type":13,"count":1},{"name":"transparencyFactor","type":13,"count":1},{"name":"diffuseFactor","type":13,"count":1},{"name":"specularFactor","type":13,"count":1}],"defines":[]}],"samplerTextures":[{"name":"shininessExponentMap","type":28,"count":1,"stageFlags":16,"binding":1,"defines":["USE_SHININESS_MAP"]},{"name":"specularGlossinessMap","type":28,"count":1,"stageFlags":16,"binding":2,"defines":["USE_SPECULAR_GLOSSINESS_MAP"]},{"name":"specularMap","type":28,"count":1,"stageFlags":16,"binding":3,"defines":["USE_SPECULAR_MAP"]},{"name":"metallicMap","type":28,"count":1,"stageFlags":16,"binding":4,"defines":["USE_METALLIC_MAP"]},{"name":"albedoMap","type":28,"count":1,"stageFlags":16,"binding":5,"defines":["USE_ALBEDO_MAP"]},{"name":"transparencyMap","type":28,"count":1,"stageFlags":16,"binding":6,"defines":["USE_TRANSPARENCY_MAP"]},{"name":"emissiveMap","type":28,"count":1,"stageFlags":16,"binding":7,"defines":["USE_EMISSIVE_MAP"]},{"name":"emissiveScaleMap","type":28,"count":1,"stageFlags":16,"binding":8,"defines":["USE_EMISSIVESCALE_MAP"]},{"name":"normalMap","type":28,"count":1,"stageFlags":16,"binding":9,"defines":["USE_NORMAL_MAP"]},{"name":"occlusionMap","type":28,"count":1,"stageFlags":16,"binding":10,"defines":["USE_OCCLUSION_MAP"]}],"samplers":[],"textures":[],"buffers":[],"images":[],"subpassInputs":[],"attributes":[{"name":"a_position","format":32,"location":0,"defines":[]},{"name":"a_normal","format":32,"location":1,"defines":[]},{"name":"a_texCoord","format":21,"location":2,"defines":[]},{"name":"a_tangent","format":44,"location":3,"defines":[]},{"name":"a_color","format":44,"location":6,"defines":["USE_VERTEX_COLOR"]},{"name":"a_texCoord1","format":21,"location":7,"defines":[]},{"name":"a_joints","location":4,"defines":["CC_USE_SKINNING"]},{"name":"a_weights","format":44,"location":5,"defines":["CC_USE_SKINNING"]},{"name":"a_jointAnimInfo","format":44,"isInstanced":true,"location":8,"defines":["USE_INSTANCING","CC_USE_BAKED_ANIMATION"]},{"name":"a_matWorld0","format":44,"isInstanced":true,"location":9,"defines":["USE_INSTANCING"]},{"name":"a_matWorld1","format":44,"isInstanced":true,"location":10,"defines":["USE_INSTANCING"]},{"name":"a_matWorld2","format":44,"isInstanced":true,"location":11,"defines":["USE_INSTANCING"]},{"name":"a_lightingMapUVParam","format":44,"isInstanced":true,"location":12,"defines":["USE_INSTANCING","CC_USE_LIGHTMAP"]},{"name":"a_localShadowBiasAndProbeId","format":44,"isInstanced":true,"location":13,"defines":["USE_INSTANCING"]},{"name":"a_reflectionProbeData","format":44,"isInstanced":true,"location":14,"defines":["USE_INSTANCING","CC_USE_REFLECTION_PROBE"]},{"name":"a_sh_linear_const_r","format":44,"isInstanced":true,"location":15,"defines":["USE_INSTANCING","CC_USE_LIGHT_PROBE"]},{"name":"a_sh_linear_const_g","format":44,"isInstanced":true,"location":16,"defines":["USE_INSTANCING","CC_USE_LIGHT_PROBE"]},{"name":"a_sh_linear_const_b","format":44,"isInstanced":true,"location":17,"defines":["USE_INSTANCING","CC_USE_LIGHT_PROBE"]},{"name":"a_vertexId","format":11,"location":18,"defines":["CC_USE_MORPH"]}],"fragColors":[{"name":"fragColorX","typename":"vec4","type":16,"count":1,"stageFlags":16,"location":0,"tags":[],"defines":[]},{"name":"albedoOut","typename":"vec4","type":16,"count":1,"stageFlags":16,"location":1,"tags":["CC_PIPELINE_TYPE"],"defines":["CC_PIPELINE_TYPE"]},{"name":"emissiveOut","typename":"vec4","type":16,"count":1,"stageFlags":16,"location":2,"defines":["CC_PIPELINE_TYPE"]},{"name":"normalOut","typename":"vec4","type":16,"count":1,"stageFlags":16,"location":3,"defines":["CC_PIPELINE_TYPE"]}],"descriptors":[{"rate":0,"blocks":[{"name":"CCLocal","stageFlags":17,"tags":{"builtin":"local"},"members":[{"name":"cc_matWorld","typename":"mat4","type":25,"count":1,"precision":"highp "},{"name":"cc_matWorldIT","typename":"mat4","type":25,"count":1,"precision":"highp "},{"name":"cc_lightingMapUVParam","typename":"vec4","type":16,"count":1,"precision":"highp "},{"name":"cc_localShadowBias","typename":"vec4","type":16,"count":1,"precision":"highp "},{"name":"cc_reflectionProbeData1","typename":"vec4","type":16,"count":1,"precision":"highp "},{"name":"cc_reflectionProbeData2","typename":"vec4","type":16,"count":1,"precision":"highp "},{"name":"cc_reflectionProbeBlendData1","typename":"vec4","type":16,"count":1,"precision":"highp "},{"name":"cc_reflectionProbeBlendData2","typename":"vec4","type":16,"count":1,"precision":"highp "}],"defines":["!USE_INSTANCING"]},{"name":"CCMorph","stageFlags":1,"tags":{"builtin":"local"},"members":[{"name":"cc_displacementWeights","typename":"vec4","type":16,"count":15,"isArray":true},{"name":"cc_displacementTextureInfo","typename":"vec4","type":16,"count":1}],"defines":["CC_USE_MORPH"]},{"name":"CCSkinningTexture","stageFlags":1,"tags":{"builtin":"local"},"members":[{"name":"cc_jointTextureInfo","typename":"vec4","type":16,"count":1,"precision":"highp "}],"defines":["CC_USE_SKINNING","CC_USE_BAKED_ANIMATION"]},{"name":"CCSkinningAnimation","stageFlags":1,"tags":{"builtin":"local"},"members":[{"name":"cc_jointAnimInfo","typename":"vec4","type":16,"count":1,"precision":"highp "}],"defines":["CC_USE_SKINNING","CC_USE_BAKED_ANIMATION"]},{"name":"CCSkinning","stageFlags":1,"tags":{"builtin":"local"},"members":[{"name":"cc_joints","typename":"vec4","type":16,"count":0,"precision":"highp ","isArray":true}],"defines":["CC_USE_SKINNING","!CC_USE_BAKED_ANIMATION","!CC_USE_REAL_TIME_JOINT_TEXTURE"]},{"name":"CCForwardLight","stageFlags":16,"tags":{"builtin":"local"},"members":[{"name":"cc_lightPos","typename":"vec4","type":16,"count":0,"precision":"highp ","isArray":true},{"name":"cc_lightColor","typename":"vec4","type":16,"count":0,"isArray":true},{"name":"cc_lightSizeRangeAngle","typename":"vec4","type":16,"count":0,"isArray":true},{"name":"cc_lightDir","typename":"vec4","type":16,"count":0,"isArray":true},{"name":"cc_lightBoundingSizeVS","typename":"vec4","type":16,"count":0,"isArray":true}],"defines":["CC_FORWARD_ADD","CC_ENABLE_CLUSTERED_LIGHT_CULLING"]},{"name":"CCSH","stageFlags":16,"tags":{"builtin":"local"},"members":[{"name":"cc_sh_linear_const_r","typename":"vec4","type":16,"count":1},{"name":"cc_sh_linear_const_g","typename":"vec4","type":16,"count":1},{"name":"cc_sh_linear_const_b","typename":"vec4","type":16,"count":1},{"name":"cc_sh_quadratic_r","typename":"vec4","type":16,"count":1},{"name":"cc_sh_quadratic_g","typename":"vec4","type":16,"count":1},{"name":"cc_sh_quadratic_b","typename":"vec4","type":16,"count":1},{"name":"cc_sh_quadratic_a","typename":"vec4","type":16,"count":1}],"defines":["CC_USE_LIGHT_PROBE","!USE_INSTANCING"]}],"samplerTextures":[{"name":"cc_PositionDisplacements","typename":"sampler2D","type":28,"count":1,"stageFlags":1,"tags":{"builtin":"local"},"defines":["CC_USE_MORPH","CC_MORPH_TARGET_HAS_POSITION"]},{"name":"cc_NormalDisplacements","typename":"sampler2D","type":28,"count":1,"stageFlags":1,"tags":{"builtin":"local"},"defines":["CC_USE_MORPH","CC_MORPH_TARGET_HAS_NORMAL"]},{"name":"cc_TangentDisplacements","typename":"sampler2D","type":28,"count":1,"stageFlags":1,"tags":{"builtin":"local"},"defines":["CC_USE_MORPH","CC_MORPH_TARGET_HAS_TANGENT"]},{"name":"cc_jointTexture","typename":"sampler2D","type":28,"count":1,"precision":"highp ","stageFlags":1,"tags":{"builtin":"local"},"defines":["CC_USE_SKINNING","CC_USE_BAKED_ANIMATION"]},{"name":"cc_realtimeJoint","typename":"sampler2D","type":28,"count":1,"precision":"highp ","stageFlags":1,"tags":{"builtin":"local"},"defines":["CC_USE_SKINNING","!CC_USE_BAKED_ANIMATION","CC_USE_REAL_TIME_JOINT_TEXTURE"]},{"name":"cc_reflectionProbeCubemap","typename":"samplerCube","type":31,"count":1,"stageFlags":16,"tags":{"builtin":"local"},"defines":["CC_USE_REFLECTION_PROBE"]},{"name":"cc_reflectionProbePlanarMap","typename":"sampler2D","type":28,"count":1,"stageFlags":16,"tags":{"builtin":"local"},"defines":["CC_USE_REFLECTION_PROBE"]},{"name":"cc_reflectionProbeDataMap","typename":"sampler2D","type":28,"count":1,"stageFlags":16,"tags":{"builtin":"local"},"defines":["CC_USE_REFLECTION_PROBE"]},{"name":"cc_reflectionProbeBlendCubemap","typename":"samplerCube","type":31,"count":1,"stageFlags":16,"tags":{"builtin":"local"},"defines":["CC_USE_REFLECTION_PROBE"]},{"name":"cc_lightingMap","typename":"sampler2D","type":28,"count":1,"stageFlags":16,"tags":{"builtin":"local"},"defines":["CC_USE_LIGHTMAP","!CC_FORWARD_ADD"]}],"samplers":[],"textures":[],"buffers":[],"images":[],"subpassInputs":[]},{"rate":1,"blocks":[{"name":"Constants","stageFlags":17,"binding":0,"members":[{"name":"tilingOffset","type":16,"count":1},{"name":"diffuseColor","type":16,"count":1},{"name":"specularColor","type":16,"count":1},{"name":"emissive","type":16,"count":1},{"name":"emissiveScale","type":13,"count":1},{"name":"alphaThreshold","type":13,"count":1},{"name":"shininessExponent","type":13,"count":1},{"name":"glossiness","type":13,"count":1},{"name":"metallic","type":13,"count":1},{"name":"normalScale","type":13,"count":1},{"name":"transparencyFactor","type":13,"count":1},{"name":"diffuseFactor","type":13,"count":1},{"name":"specularFactor","type":13,"count":1}],"defines":[]}],"samplerTextures":[{"name":"shininessExponentMap","type":28,"count":1,"stageFlags":16,"binding":1,"defines":["USE_SHININESS_MAP"]},{"name":"specularGlossinessMap","type":28,"count":1,"stageFlags":16,"binding":2,"defines":["USE_SPECULAR_GLOSSINESS_MAP"]},{"name":"specularMap","type":28,"count":1,"stageFlags":16,"binding":3,"defines":["USE_SPECULAR_MAP"]},{"name":"metallicMap","type":28,"count":1,"stageFlags":16,"binding":4,"defines":["USE_METALLIC_MAP"]},{"name":"albedoMap","type":28,"count":1,"stageFlags":16,"binding":5,"defines":["USE_ALBEDO_MAP"]},{"name":"transparencyMap","type":28,"count":1,"stageFlags":16,"binding":6,"defines":["USE_TRANSPARENCY_MAP"]},{"name":"emissiveMap","type":28,"count":1,"stageFlags":16,"binding":7,"defines":["USE_EMISSIVE_MAP"]},{"name":"emissiveScaleMap","type":28,"count":1,"stageFlags":16,"binding":8,"defines":["USE_EMISSIVESCALE_MAP"]},{"name":"normalMap","type":28,"count":1,"stageFlags":16,"binding":9,"defines":["USE_NORMAL_MAP"]},{"name":"occlusionMap","type":28,"count":1,"stageFlags":16,"binding":10,"defines":["USE_OCCLUSION_MAP"]}],"samplers":[],"textures":[],"buffers":[],"images":[],"subpass